image: gmapping_particles_100_maxUrange_2.0_map_update_interval_1.0.pgm
resolution: 0.100000
origin: [-100.000000, -100.000000, 0.000000]
negate: 0
occupied_thresh: 0.65
free_thresh: 0.196

