image: gmapping_delta_0.1_minimumScore_10000_srr_srt_stt_str_0_particles_1.pgm
resolution: 0.100000
origin: [-5.000000, -5.000000, 0.000000]
negate: 0
occupied_thresh: 0.65
free_thresh: 0.196

