image: gmapping_particles_100_maxUrange_2.0_minmaxxyrange_5_srr_0.01_srt_0.pgm
resolution: 0.100000
origin: [-17.800000, -5.000000, 0.000000]
negate: 0
occupied_thresh: 0.65
free_thresh: 0.196

