image: gmapping_particles_30_maxUrange_4.99_minmaxxyrange_5_minimumScore_10000.pgm
resolution: 0.100000
origin: [-5.000000, -5.000000, 0.000000]
negate: 0
occupied_thresh: 0.65
free_thresh: 0.196

