image: hector_laser_map_360.pgm
resolution: 0.100000
origin: [-51.250001, -51.250001, 0.000000]
negate: 0
occupied_thresh: 0.65
free_thresh: 0.196

